{
  "nbformat": 4,
  "nbformat_minor": 0,
  "metadata": {
    "colab": {
      "name": "Copy of Methods for Creating high quality threat data for CTI systems using keyword filtering and clustering Tables.ipynb",
      "provenance": [],
      "collapsed_sections": []
    },
    "kernelspec": {
      "name": "python3",
      "display_name": "Python 3"
    }
  },
  "cells": [
    {
      "cell_type": "markdown",
      "metadata": {
        "id": "EGGsr9Es8egb",
        "colab_type": "text"
      },
      "source": [
        "\n",
        "\n",
        "---\n",
        "\n",
        "\n",
        "This notebook contains the Tables and Figures including the code used to produce them for the paper Creating high quality threat data for CTI systems using keyword filtering and clustering by Ariel Rodriguez.\n",
        "\n",
        "\n",
        "---\n"
      ]
    },
    {
      "cell_type": "code",
      "metadata": {
        "id": "K7DfgSFDkaU5",
        "colab_type": "code",
        "colab": {}
      },
      "source": [
        "import pandas as pd\n",
        "import numpy as np\n",
        "import matplotlib.pyplot as plt\n",
        "from gensim.models.word2vec import Word2Vec\n",
        "from sklearn.manifold import TSNE\n",
        "import matplotlib.cm as cm\n",
        "\n",
        "pd.set_option(\"display.max_columns\", 100)\n",
        "pd.set_option(\"display.max_colwidth\", None)"
      ],
      "execution_count": 0,
      "outputs": []
    },
    {
      "cell_type": "code",
      "metadata": {
        "id": "OS_xrZq7khxr",
        "colab_type": "code",
        "outputId": "ca2c3827-ed46-416a-fb8b-29793f2254d0",
        "colab": {
          "base_uri": "https://localhost:8080/",
          "height": 782
        }
      },
      "source": [
        "#Table 1\n",
        "#\\caption{Overview of datasets used in this study showing the size of each dataset and the weighting of positive and negative data points as well as the number of distinct words in each datasets vocabulary. }\n",
        "\n",
        "Table_1_index=[\"F1 (Full)\", \"T1 (Twitter)\",\"R1 (Reddit)\", \"S1 (Stack Exchange)\",\"A1 (Articles)\", \"S2 (Short)\", \"M1 (Medium)\", \"L1 (Long)\"]\n",
        "\n",
        "Table_1_data = np.array([[1016346,139841,9709,858801,7996,313839,611892,90612], [179930,24674,1713,151549,1995,34582,117584,27761], [1196276,164515,11422,1010350,9991,348421,729476,118373]\n",
        "               ,[\"50%\",\"53%\",\"50%\",\"50%\",\"50%\",\"63%\",\"45%\",\"41%\"], [\"50%\",\"47%\",\"50%\",\"50%\",\"50%\",\"37%\",\"55%\",\"59%\"], [\"50%\",\"53%\",\"50%\",\"50%\",\"50%\",\"41%\",\"59%\",\"65%\"]\n",
        "               ,[\"50%\",\"47%\",\"50%\",\"50%\",\"50%\",\"59%\",\"51%\",\"35%\"], [607,90,660,935,3807,86,3070,513]               ])\n",
        "\n",
        "Table_1 = pd.DataFrame(Table_1_data.transpose(),columns=[\"Training-Set\",\"Testing-Set\",\"Total-Entries\", \"Train-Balance-Sec\", \"Train-Balance-Non-Sec\", \"Test-Balance-Sec\",\"Test-Balance-Non-Sec\",\"Avg Length\"],index=Table_1_index)\n",
        "\n",
        "print (Table_1)\n",
        "print (\"#######################################################\")\n",
        "print(Table_1.to_latex())  "
      ],
      "execution_count": 0,
      "outputs": [
        {
          "output_type": "stream",
          "text": [
            "                    Training-Set Testing-Set Total-Entries Train-Balance-Sec  \\\n",
            "F1 (Full)                1016346      179930       1196276               50%   \n",
            "T1 (Twitter)              139841       24674        164515               53%   \n",
            "R1 (Reddit)                 9709        1713         11422               50%   \n",
            "S1 (Stack Exchange)       858801      151549       1010350               50%   \n",
            "A1 (Articles)               7996        1995          9991               50%   \n",
            "S2 (Short)                313839       34582        348421               63%   \n",
            "M1 (Medium)               611892      117584        729476               45%   \n",
            "L1 (Long)                  90612       27761        118373               41%   \n",
            "\n",
            "                    Train-Balance-Non-Sec Test-Balance-Sec  \\\n",
            "F1 (Full)                             50%              50%   \n",
            "T1 (Twitter)                          47%              53%   \n",
            "R1 (Reddit)                           50%              50%   \n",
            "S1 (Stack Exchange)                   50%              50%   \n",
            "A1 (Articles)                         50%              50%   \n",
            "S2 (Short)                            37%              41%   \n",
            "M1 (Medium)                           55%              59%   \n",
            "L1 (Long)                             59%              65%   \n",
            "\n",
            "                    Test-Balance-Non-Sec Avg Length  \n",
            "F1 (Full)                            50%        607  \n",
            "T1 (Twitter)                         47%         90  \n",
            "R1 (Reddit)                          50%        660  \n",
            "S1 (Stack Exchange)                  50%        935  \n",
            "A1 (Articles)                        50%       3807  \n",
            "S2 (Short)                           59%         86  \n",
            "M1 (Medium)                          51%       3070  \n",
            "L1 (Long)                            35%        513  \n",
            "#######################################################\n",
            "\\begin{tabular}{lllllllll}\n",
            "\\toprule\n",
            "{} & Training-Set & Testing-Set & Total-Entries & Train-Balance-Sec & Train-Balance-Non-Sec & Test-Balance-Sec & Test-Balance-Non-Sec & Avg Length \\\\\n",
            "\\midrule\n",
            "F1 (Full)           &      1016346 &      179930 &       1196276 &               50\\% &                   50\\% &              50\\% &                  50\\% &        607 \\\\\n",
            "T1 (Twitter)        &       139841 &       24674 &        164515 &               53\\% &                   47\\% &              53\\% &                  47\\% &         90 \\\\\n",
            "R1 (Reddit)         &         9709 &        1713 &         11422 &               50\\% &                   50\\% &              50\\% &                  50\\% &        660 \\\\\n",
            "S1 (Stack Exchange) &       858801 &      151549 &       1010350 &               50\\% &                   50\\% &              50\\% &                  50\\% &        935 \\\\\n",
            "A1 (Articles)       &         7996 &        1995 &          9991 &               50\\% &                   50\\% &              50\\% &                  50\\% &       3807 \\\\\n",
            "S2 (Short)          &       313839 &       34582 &        348421 &               63\\% &                   37\\% &              41\\% &                  59\\% &         86 \\\\\n",
            "M1 (Medium)         &       611892 &      117584 &        729476 &               45\\% &                   55\\% &              59\\% &                  51\\% &       3070 \\\\\n",
            "L1 (Long)           &        90612 &       27761 &        118373 &               41\\% &                   59\\% &              65\\% &                  35\\% &        513 \\\\\n",
            "\\bottomrule\n",
            "\\end{tabular}\n",
            "\n"
          ],
          "name": "stdout"
        }
      ]
    },
    {
      "cell_type": "code",
      "metadata": {
        "id": "7XduVAwQkx8w",
        "colab_type": "code",
        "outputId": "a0272fc4-b18a-428a-ff9d-3e24b3d64575",
        "colab": {
          "base_uri": "https://localhost:8080/",
          "height": 714
        }
      },
      "source": [
        "#Table 2\n",
        "#\\caption{This table shows the classification results on all of our datasets using the precision and f1-score metrics for our method and other baseline methods and BERT}\n",
        "\n",
        "Table_2_index = [[\"F1\",\"F1\",\"T1\",\"T1\",\"R1\",\"R1\",\"S1\",\"S1\",\"A1\",\"A1\",\"S2\",\"S2\",\"M1\",\"M1\",\"L1\",\"L1\"],\n",
        "                [\"Precision\",\"F1-Score\",\"Precision\",\"F1-Score\",\"Precision\",\"F1-Score\",\"Precision\",\"F1-Score\",\"Precision\",\"F1-Score\",\"Precision\",\"F1-Score\",\"Precision\",\"F1-Score\",\"Precision\",\"F1-Score\"]]\n",
        "\n",
        "Table_2_data = np.array([[0.8586,0.9230,0.9992,0.9993,0.8596,0.9245,0.8622,0.9252,0.9497,0.9731,0.9946,0.9969,0.8118,0.8898,0.8609,0.9251],[0.9877,0.9702,0.9998,0.9993,0.9653,0.9533,0.9467,0.9326,0.9858,0.9824,0.8666,0.9173,0.9670,0.9409,0.9478,0.9401],\n",
        "                        [0.9291,0.9288,0.9510,0.9686,0.8344,0.8999,0.9131,0.9222,0.9191,0.9376,0.6674,0.7986,0.9436,0.9204,0.9852,0.9367],[0.9155,0.9284,0.9995,0.9969,0.9399,0.9070,0.9163,0.9127,0.9773,0.9639,0.8023,0.8854,0.9422,0.9195,0.9863,0.9578],\n",
        "                        [0.9304,0.9034,0.9998,0.9960,0.9522,0.9288,0.8815,0.8684,0.9867,0.9782,0.7309,0.8391,0.9423,0.8912,0.9878,0.9511]])\n",
        "\n",
        "Table_2 = pd.DataFrame(Table_2_data.transpose(),columns=[\"MLKF\",\"BERT\",\"NB\", \"LG\", \"SGD\"],index=Table_2_index)\n",
        "\n",
        "print (Table_2)\n",
        "print (\"#######################################################\")\n",
        "print(Table_2.to_latex())  "
      ],
      "execution_count": 0,
      "outputs": [
        {
          "output_type": "stream",
          "text": [
            "                MLKF    BERT      NB      LG     SGD\n",
            "F1 Precision  0.8586  0.9877  0.9291  0.9155  0.9304\n",
            "   F1-Score   0.9230  0.9702  0.9288  0.9284  0.9034\n",
            "T1 Precision  0.9992  0.9998  0.9510  0.9995  0.9998\n",
            "   F1-Score   0.9993  0.9993  0.9686  0.9969  0.9960\n",
            "R1 Precision  0.8596  0.9653  0.8344  0.9399  0.9522\n",
            "   F1-Score   0.9245  0.9533  0.8999  0.9070  0.9288\n",
            "S1 Precision  0.8622  0.9467  0.9131  0.9163  0.8815\n",
            "   F1-Score   0.9252  0.9326  0.9222  0.9127  0.8684\n",
            "A1 Precision  0.9497  0.9858  0.9191  0.9773  0.9867\n",
            "   F1-Score   0.9731  0.9824  0.9376  0.9639  0.9782\n",
            "S2 Precision  0.9946  0.8666  0.6674  0.8023  0.7309\n",
            "   F1-Score   0.9969  0.9173  0.7986  0.8854  0.8391\n",
            "M1 Precision  0.8118  0.9670  0.9436  0.9422  0.9423\n",
            "   F1-Score   0.8898  0.9409  0.9204  0.9195  0.8912\n",
            "L1 Precision  0.8609  0.9478  0.9852  0.9863  0.9878\n",
            "   F1-Score   0.9251  0.9401  0.9367  0.9578  0.9511\n",
            "#######################################################\n",
            "\\begin{tabular}{llrrrrr}\n",
            "\\toprule\n",
            "   &          &    MLKF &    BERT &      NB &      LG &     SGD \\\\\n",
            "\\midrule\n",
            "F1 & Precision &  0.8586 &  0.9877 &  0.9291 &  0.9155 &  0.9304 \\\\\n",
            "   & F1-Score &  0.9230 &  0.9702 &  0.9288 &  0.9284 &  0.9034 \\\\\n",
            "T1 & Precision &  0.9992 &  0.9998 &  0.9510 &  0.9995 &  0.9998 \\\\\n",
            "   & F1-Score &  0.9993 &  0.9993 &  0.9686 &  0.9969 &  0.9960 \\\\\n",
            "R1 & Precision &  0.8596 &  0.9653 &  0.8344 &  0.9399 &  0.9522 \\\\\n",
            "   & F1-Score &  0.9245 &  0.9533 &  0.8999 &  0.9070 &  0.9288 \\\\\n",
            "S1 & Precision &  0.8622 &  0.9467 &  0.9131 &  0.9163 &  0.8815 \\\\\n",
            "   & F1-Score &  0.9252 &  0.9326 &  0.9222 &  0.9127 &  0.8684 \\\\\n",
            "A1 & Precision &  0.9497 &  0.9858 &  0.9191 &  0.9773 &  0.9867 \\\\\n",
            "   & F1-Score &  0.9731 &  0.9824 &  0.9376 &  0.9639 &  0.9782 \\\\\n",
            "S2 & Precision &  0.9946 &  0.8666 &  0.6674 &  0.8023 &  0.7309 \\\\\n",
            "   & F1-Score &  0.9969 &  0.9173 &  0.7986 &  0.8854 &  0.8391 \\\\\n",
            "M1 & Precision &  0.8118 &  0.9670 &  0.9436 &  0.9422 &  0.9423 \\\\\n",
            "   & F1-Score &  0.8898 &  0.9409 &  0.9204 &  0.9195 &  0.8912 \\\\\n",
            "L1 & Precision &  0.8609 &  0.9478 &  0.9852 &  0.9863 &  0.9878 \\\\\n",
            "   & F1-Score &  0.9251 &  0.9401 &  0.9367 &  0.9578 &  0.9511 \\\\\n",
            "\\bottomrule\n",
            "\\end{tabular}\n",
            "\n"
          ],
          "name": "stdout"
        }
      ]
    },
    {
      "cell_type": "code",
      "metadata": {
        "id": "shLfA3-Qhjdw",
        "colab_type": "code",
        "outputId": "0bb9fc58-46cf-4a3b-b30d-49301571f711",
        "colab": {
          "base_uri": "https://localhost:8080/",
          "height": 646
        }
      },
      "source": [
        "#Table 3\n",
        "#\\caption{This table shows classification scores and processing times for a CTI system implementing the optimal settings based on classification score and speed for both the full dataset and ensemble learning methods.}\n",
        "index = [\"Full Dataset (Highest Score)\",\"Full Dataset (Fastest)\",\"Ensemble Learning (Platform : Highest Score)\",\"Ensemble Learning (Length : Highest Score)\",\"Ensemble Learning (Platform : Fastest)\",\"Ensemble Learning (Fastest : Length)\"]\n",
        "data = [[\"Bert\",\"\",\"\",\"\",\"\",\"\",\"\",\"\",\"0.9877\",\"0.9702\",\"2.12 min\"],[\"SGD\",\"\",\"\",\"\",\"\",\"\",\"\",\"\",\"0.9304\",\"0.9034\",\"340 ms\"],[\"\",\"BERT\",\"BERT\",\"BERT\",\"BERT\",\"\",\"\",\"\",\"0.9742\",\"0.9669\",\"2.2 min\"],[\"\",\"\",\"\",\"\",\"\",\"MLKF\",\"BERT\",\"SGD\",\"0.9826\",\"0.9652\",\"275 ms\"],[\"\",\"LR\",\"MLKF\",\"LR\",\"LR\",\"\",\"\",\"\",\"0.9448\",\"0.9480\",\"127 ms\"],[\"\",\"\",\"\",\"\",\"\",\"LR\",\"SGD\",\"LR\",\"0.9103\",\"0.9114\",\"269 ms\"]]\n",
        "\n",
        "df = pd.DataFrame(data,\n",
        "                  index=index,\n",
        "                  columns=[\"F1\",\"T1\",\"R1\",\"S1\",\"A1\",\"S2\",\"M1\",\"L1\",\"Total Precision\",\"Total F1-Score\",\"Total Time\"])\n",
        "\n",
        "print (df)\n",
        "print (\"#######################################################\")\n",
        "print(df.to_latex())  \n"
      ],
      "execution_count": 0,
      "outputs": [
        {
          "output_type": "stream",
          "text": [
            "                                                F1    T1    R1    S1    A1  \\\n",
            "Full Dataset (Highest Score)                  Bert                           \n",
            "Full Dataset (Fastest)                         SGD                           \n",
            "Ensemble Learning (Platform : Highest Score)        BERT  BERT  BERT  BERT   \n",
            "Ensemble Learning (Length : Highest Score)                                   \n",
            "Ensemble Learning (Platform : Fastest)                LR  MLKF    LR    LR   \n",
            "Ensemble Learning (Fastest : Length)                                         \n",
            "\n",
            "                                                S2    M1   L1 Total Precision  \\\n",
            "Full Dataset (Highest Score)                                           0.9877   \n",
            "Full Dataset (Fastest)                                                 0.9304   \n",
            "Ensemble Learning (Platform : Highest Score)                           0.9742   \n",
            "Ensemble Learning (Length : Highest Score)    MLKF  BERT  SGD          0.9826   \n",
            "Ensemble Learning (Platform : Fastest)                                 0.9448   \n",
            "Ensemble Learning (Fastest : Length)            LR   SGD   LR          0.9103   \n",
            "\n",
            "                                             Total F1-Score Total Time  \n",
            "Full Dataset (Highest Score)                         0.9702   2.12 min  \n",
            "Full Dataset (Fastest)                               0.9034     340 ms  \n",
            "Ensemble Learning (Platform : Highest Score)         0.9669    2.2 min  \n",
            "Ensemble Learning (Length : Highest Score)           0.9652     275 ms  \n",
            "Ensemble Learning (Platform : Fastest)               0.9480     127 ms  \n",
            "Ensemble Learning (Fastest : Length)                 0.9114     269 ms  \n",
            "#######################################################\n",
            "\\begin{tabular}{llllllllllll}\n",
            "\\toprule\n",
            "{} &    F1 &    T1 &    R1 &    S1 &    A1 &    S2 &    M1 &   L1 & Total Precision & Total F1-Score & Total Time \\\\\n",
            "\\midrule\n",
            "Full Dataset (Highest Score)                 &  Bert &       &       &       &       &       &       &      &          0.9877 &         0.9702 &   2.12 min \\\\\n",
            "Full Dataset (Fastest)                       &   SGD &       &       &       &       &       &       &      &          0.9304 &         0.9034 &     340 ms \\\\\n",
            "Ensemble Learning (Platform : Highest Score) &       &  BERT &  BERT &  BERT &  BERT &       &       &      &          0.9742 &         0.9669 &    2.2 min \\\\\n",
            "Ensemble Learning (Length : Highest Score)   &       &       &       &       &       &  MLKF &  BERT &  SGD &          0.9826 &         0.9652 &     275 ms \\\\\n",
            "Ensemble Learning (Platform : Fastest)       &       &    LR &  MLKF &    LR &    LR &       &       &      &          0.9448 &         0.9480 &     127 ms \\\\\n",
            "Ensemble Learning (Fastest : Length)         &       &       &       &       &       &    LR &   SGD &   LR &          0.9103 &         0.9114 &     269 ms \\\\\n",
            "\\bottomrule\n",
            "\\end{tabular}\n",
            "\n"
          ],
          "name": "stdout"
        }
      ]
    },
    {
      "cell_type": "code",
      "metadata": {
        "id": "ngmPEmHpxcW5",
        "colab_type": "code",
        "outputId": "acc46c4b-8130-4b48-8db2-170e75d79b04",
        "colab": {
          "base_uri": "https://localhost:8080/",
          "height": 714
        }
      },
      "source": [
        "#Table 4\n",
        "#\\caption{This table shows the vector size, training epochs and associated words list length which produced the best classification scores for each dataset on both F1-Score and precision metrics.}\n",
        "\t\n",
        "index = [[\"F1\",\"F1\",\"T1\",\"T1\",\"R1\",\"R1\",\"S1\",\"S1\",\"A1\",\"A1\",\"S2\",\"S2\",\"M1\",\"M1\",\"L1\",\"L1\"],\n",
        "        [\"Precision\",\"F1-Score\",\"Precision\",\"F1-Score\",\"Precision\",\"F1-Score\",\"Precision\",\"F1-Score\",\"Precision\",\"F1-Score\",\"Precision\",\"F1-Score\",\"Precision\",\"F1-Score\",\"Precision\",\"F1-Score\"]]\n",
        "data = np.array([[10,50,10,10,50,10,10,50,10,10,10,50,10,50,10,50],[50,50,50,100,50,50,50,50,50,50,50,100,50,100,50,50],[0,2500,0,2500,0,2500,0,2500,0,2500,0,2500,0,2500,0,2500]])\n",
        "\n",
        "df = pd.DataFrame(data.transpose(),\n",
        "                  index=index,\n",
        "                  columns=['Vector Size', 'Epochs',\"AWL Length\"])\n",
        "print (df)\n",
        "print (\"#######################################################\")\n",
        "print(df.to_latex())  \n"
      ],
      "execution_count": 0,
      "outputs": [
        {
          "output_type": "stream",
          "text": [
            "              Vector Size  Epochs  AWL Length\n",
            "F1 Precision           10      50           0\n",
            "   F1-Score            50      50        2500\n",
            "T1 Precision           10      50           0\n",
            "   F1-Score            10     100        2500\n",
            "R1 Precision           50      50           0\n",
            "   F1-Score            10      50        2500\n",
            "S1 Precision           10      50           0\n",
            "   F1-Score            50      50        2500\n",
            "A1 Precision           10      50           0\n",
            "   F1-Score            10      50        2500\n",
            "S2 Precision           10      50           0\n",
            "   F1-Score            50     100        2500\n",
            "M1 Precision           10      50           0\n",
            "   F1-Score            50     100        2500\n",
            "L1 Precision           10      50           0\n",
            "   F1-Score            50      50        2500\n",
            "#######################################################\n",
            "\\begin{tabular}{llrrr}\n",
            "\\toprule\n",
            "   &          &  Vector Size &  Epochs &  AWL Length \\\\\n",
            "\\midrule\n",
            "F1 & Precision &           10 &      50 &           0 \\\\\n",
            "   & F1-Score &           50 &      50 &        2500 \\\\\n",
            "T1 & Precision &           10 &      50 &           0 \\\\\n",
            "   & F1-Score &           10 &     100 &        2500 \\\\\n",
            "R1 & Precision &           50 &      50 &           0 \\\\\n",
            "   & F1-Score &           10 &      50 &        2500 \\\\\n",
            "S1 & Precision &           10 &      50 &           0 \\\\\n",
            "   & F1-Score &           50 &      50 &        2500 \\\\\n",
            "A1 & Precision &           10 &      50 &           0 \\\\\n",
            "   & F1-Score &           10 &      50 &        2500 \\\\\n",
            "S2 & Precision &           10 &      50 &           0 \\\\\n",
            "   & F1-Score &           50 &     100 &        2500 \\\\\n",
            "M1 & Precision &           10 &      50 &           0 \\\\\n",
            "   & F1-Score &           50 &     100 &        2500 \\\\\n",
            "L1 & Precision &           10 &      50 &           0 \\\\\n",
            "   & F1-Score &           50 &      50 &        2500 \\\\\n",
            "\\bottomrule\n",
            "\\end{tabular}\n",
            "\n"
          ],
          "name": "stdout"
        }
      ]
    },
    {
      "cell_type": "code",
      "metadata": {
        "id": "0E9QsDsOoBQV",
        "colab_type": "code",
        "outputId": "cd8e507f-b321-4071-c58a-5c7eb700ae3b",
        "colab": {
          "base_uri": "https://localhost:8080/",
          "height": 442
        }
      },
      "source": [
        "#Table 5\n",
        "#\t\\caption{This table shows the classification results on all of our datasets using the precision and f1-score metrics for our method and other baseline methods and BERT}\n",
        "\n",
        "index = [\"F1\",\"T1\",\"R1\",\"S1\",\"A1\",\"S2\",\"M1\",\"L1\"]\n",
        "\n",
        "data = np.array([[\"1.9564\",\"0.2377\",\"3.7120\",\"2.9976\",\"2.1182\",\"0.2271\",\"2.6051\",\"0.6238\"],[\"1.8802\",\"0.1528\",\"3.4316\",\"2.5613\",\"0.6200\",\"0.2033\",\"2.9592\",\"0.5919\"],\n",
        "                 [\"1.5220\",\"0.1142\",\"1.3006\",\"1.5370\",\"-0.742\",\"0.0980\",\"1.8458\",\"0.4707\"],[\"0.5071\",\"0.0342\",\"0.3767\",\"0.4693\",\"-0.238\",\"0.0318\",\"0.5441\",\"0.1479\"],\n",
        "                 [\"5.8659\",\"0.5390\",\"8.8211\",\"7.5654\",\"1.7571\",\"0.5607\",\"7.9545\",\"1.8345\"]])\n",
        "\n",
        "df = pd.DataFrame(data.transpose(),\n",
        "                  index=index,\n",
        "                  columns=['0 - 50', '50 - 250',\"250 - 1000\",\"1000 - 2500\",\"0 - 2500\"])\n",
        "\n",
        "print (df)\n",
        "print (\"#######################################################\")\n",
        "print(df.to_latex())  \n"
      ],
      "execution_count": 0,
      "outputs": [
        {
          "output_type": "stream",
          "text": [
            "    0 - 50 50 - 250 250 - 1000 1000 - 2500 0 - 2500\n",
            "F1  1.9564   1.8802     1.5220      0.5071   5.8659\n",
            "T1  0.2377   0.1528     0.1142      0.0342   0.5390\n",
            "R1  3.7120   3.4316     1.3006      0.3767   8.8211\n",
            "S1  2.9976   2.5613     1.5370      0.4693   7.5654\n",
            "A1  2.1182   0.6200     -0.742      -0.238   1.7571\n",
            "S2  0.2271   0.2033     0.0980      0.0318   0.5607\n",
            "M1  2.6051   2.9592     1.8458      0.5441   7.9545\n",
            "L1  0.6238   0.5919     0.4707      0.1479   1.8345\n",
            "#######################################################\n",
            "\\begin{tabular}{llllll}\n",
            "\\toprule\n",
            "{} &  0 - 50 & 50 - 250 & 250 - 1000 & 1000 - 2500 & 0 - 2500 \\\\\n",
            "\\midrule\n",
            "F1 &  1.9564 &   1.8802 &     1.5220 &      0.5071 &   5.8659 \\\\\n",
            "T1 &  0.2377 &   0.1528 &     0.1142 &      0.0342 &   0.5390 \\\\\n",
            "R1 &  3.7120 &   3.4316 &     1.3006 &      0.3767 &   8.8211 \\\\\n",
            "S1 &  2.9976 &   2.5613 &     1.5370 &      0.4693 &   7.5654 \\\\\n",
            "A1 &  2.1182 &   0.6200 &     -0.742 &      -0.238 &   1.7571 \\\\\n",
            "S2 &  0.2271 &   0.2033 &     0.0980 &      0.0318 &   0.5607 \\\\\n",
            "M1 &  2.6051 &   2.9592 &     1.8458 &      0.5441 &   7.9545 \\\\\n",
            "L1 &  0.6238 &   0.5919 &     0.4707 &      0.1479 &   1.8345 \\\\\n",
            "\\bottomrule\n",
            "\\end{tabular}\n",
            "\n"
          ],
          "name": "stdout"
        }
      ]
    },
    {
      "cell_type": "code",
      "metadata": {
        "id": "efWxR77xrXkw",
        "colab_type": "code",
        "outputId": "11d8ec93-e955-4915-d0db-c3f07114fba6",
        "colab": {
          "base_uri": "https://localhost:8080/",
          "height": 986
        }
      },
      "source": [
        "#Table 5\n",
        "#\t\\caption{This table shows the classification scores achieved for our method when using stemming, lemmatization and leaving terms in their original form.}\n",
        "\n",
        "index = [[\"F1\",\"F1\",\"F1\",\"T1\",\"T1\",\"T1\",\"R1\",\"R1\",\"R1\",\"S1\",\"S1\",\"S1\",\"A1\",\"A1\",\"A1\",\"S2\",\"S2\",\"S2\",\"M1\",\"M1\",\"M1\",\"L1\",\"L1\",\"L1\"],\n",
        "         [\"none\",\"stemming\",\"lemmatization\",\"none\",\"stemming\",\"lemmatization\",\"none\",\"stemming\",\"lemmatization\",\"none\",\"stemming\",\"lemmatization\",\"none\",\"stemming\",\"lemmatization\",\"none\",\"stemming\",\"lemmatization\",\"none\",\"stemming\",\"lemmatization\",\"none\",\"stemming\",\"lemmatization\"]]\n",
        "\n",
        "data = np.array([[0.8575,0.8586,0.8277,0.9992,0.9992,0.9962,0.8596,0.8596,0.8818,0.8617,0.8622,0.8644,0.9498,0.9497,0.9456,0.9936,0.9946,0.9724,0.7640,0.8118,0.8135,0.8605,0.8609,0.8619],\n",
        "                 [0.7585,0.9230,0.7769,0.9972,0.9993,0.2773,0.8327,0.9245,0.8937,0.8476,0.9252,0.8499,0.9198,0.9731,0.8801,0.9649,0.9969,0.2951,0.8018,0.8898,0.8294,0.8998,0.9251,0.8982],\n",
        "                 [\"625,542\",\"560,823\",\"613,264\",\"59,222\",\"48,039\",\"55,269\",\"42,268\",\"29,909\",\"38,253\",\"565,216\",\"509,906\",\"555,488\",\"73,238\",\"52,179\",\"66,489\",\"84,508\",\"67,668\",\"79,340\",\"294,459\",\"251,758\",\"285,628\",\"433,236\",\"389,508\",\"423,369\"]])\n",
        "\n",
        "df = pd.DataFrame(data.transpose(),\n",
        "                  index=index,\n",
        "                  columns=['Precision', 'F1-Score','Vocab Size'])\n",
        "\n",
        "print (df)\n",
        "print (\"#######################################################\")\n",
        "print(df.to_latex())  \n"
      ],
      "execution_count": 0,
      "outputs": [
        {
          "output_type": "stream",
          "text": [
            "                 Precision F1-Score Vocab Size\n",
            "F1 none             0.8575   0.7585    625,542\n",
            "   stemming         0.8586    0.923    560,823\n",
            "   lemmatization    0.8277   0.7769    613,264\n",
            "T1 none             0.9992   0.9972     59,222\n",
            "   stemming         0.9992   0.9993     48,039\n",
            "   lemmatization    0.9962   0.2773     55,269\n",
            "R1 none             0.8596   0.8327     42,268\n",
            "   stemming         0.8596   0.9245     29,909\n",
            "   lemmatization    0.8818   0.8937     38,253\n",
            "S1 none             0.8617   0.8476    565,216\n",
            "   stemming         0.8622   0.9252    509,906\n",
            "   lemmatization    0.8644   0.8499    555,488\n",
            "A1 none             0.9498   0.9198     73,238\n",
            "   stemming         0.9497   0.9731     52,179\n",
            "   lemmatization    0.9456   0.8801     66,489\n",
            "S2 none             0.9936   0.9649     84,508\n",
            "   stemming         0.9946   0.9969     67,668\n",
            "   lemmatization    0.9724   0.2951     79,340\n",
            "M1 none              0.764   0.8018    294,459\n",
            "   stemming         0.8118   0.8898    251,758\n",
            "   lemmatization    0.8135   0.8294    285,628\n",
            "L1 none             0.8605   0.8998    433,236\n",
            "   stemming         0.8609   0.9251    389,508\n",
            "   lemmatization    0.8619   0.8982    423,369\n",
            "#######################################################\n",
            "\\begin{tabular}{lllll}\n",
            "\\toprule\n",
            "   &               & Precision & F1-Score & Vocab Size \\\\\n",
            "\\midrule\n",
            "F1 & none &    0.8575 &   0.7585 &    625,542 \\\\\n",
            "   & stemming &    0.8586 &    0.923 &    560,823 \\\\\n",
            "   & lemmatization &    0.8277 &   0.7769 &    613,264 \\\\\n",
            "T1 & none &    0.9992 &   0.9972 &     59,222 \\\\\n",
            "   & stemming &    0.9992 &   0.9993 &     48,039 \\\\\n",
            "   & lemmatization &    0.9962 &   0.2773 &     55,269 \\\\\n",
            "R1 & none &    0.8596 &   0.8327 &     42,268 \\\\\n",
            "   & stemming &    0.8596 &   0.9245 &     29,909 \\\\\n",
            "   & lemmatization &    0.8818 &   0.8937 &     38,253 \\\\\n",
            "S1 & none &    0.8617 &   0.8476 &    565,216 \\\\\n",
            "   & stemming &    0.8622 &   0.9252 &    509,906 \\\\\n",
            "   & lemmatization &    0.8644 &   0.8499 &    555,488 \\\\\n",
            "A1 & none &    0.9498 &   0.9198 &     73,238 \\\\\n",
            "   & stemming &    0.9497 &   0.9731 &     52,179 \\\\\n",
            "   & lemmatization &    0.9456 &   0.8801 &     66,489 \\\\\n",
            "S2 & none &    0.9936 &   0.9649 &     84,508 \\\\\n",
            "   & stemming &    0.9946 &   0.9969 &     67,668 \\\\\n",
            "   & lemmatization &    0.9724 &   0.2951 &     79,340 \\\\\n",
            "M1 & none &     0.764 &   0.8018 &    294,459 \\\\\n",
            "   & stemming &    0.8118 &   0.8898 &    251,758 \\\\\n",
            "   & lemmatization &    0.8135 &   0.8294 &    285,628 \\\\\n",
            "L1 & none &    0.8605 &   0.8998 &    433,236 \\\\\n",
            "   & stemming &    0.8609 &   0.9251 &    389,508 \\\\\n",
            "   & lemmatization &    0.8619 &   0.8982 &    423,369 \\\\\n",
            "\\bottomrule\n",
            "\\end{tabular}\n",
            "\n"
          ],
          "name": "stdout"
        }
      ]
    },
    {
      "cell_type": "code",
      "metadata": {
        "id": "8nMK542xwNjT",
        "colab_type": "code",
        "outputId": "50c9fe7d-733e-4d67-9e3f-96678c3dd670",
        "colab": {
          "base_uri": "https://localhost:8080/",
          "height": 1000
        }
      },
      "source": [
        "#Table 7\n",
        "#\\caption{This table shows the total processing times in milliseconds for a processing only version and full version of our method across all datasets for both CPU and GPU processors for all the models we tested.}\n",
        "\n",
        "index = [[\"F1\",\"F1\",\"F1\",\"F1\",\"T1\",\"T1\",\"T1\",\"T1\",\"R1\",\"R1\",\"R1\",\"R1\",\"S1\",\"S1\",\"S1\",\"S1\",\"A1\",\"A1\",\"A1\",\"A1\",\"S2\",\"S2\",\"S2\",\"S2\",\"M1\",\"M1\",\"M1\",\"M1\",\"L1\",\"L1\",\"L1\",\"L1\"],[\"CPU\",\"CPU\",\"GPU\",\"GPU\",\"CPU\",\"CPU\",\"GPU\",\"GPU\",\"CPU\",\"CPU\",\"GPU\",\"GPU\",\"CPU\",\"CPU\",\"GPU\",\"GPU\",\"CPU\",\"CPU\",\"GPU\",\"GPU\",\"CPU\",\"CPU\",\"GPU\",\"GPU\",\"CPU\",\"CPU\",\"GPU\",\"GPU\",\"CPU\",\"CPU\",\"GPU\",\"GPU\"],[\"Processing\",\"Full\",\"Processing\",\"Full\",\"Processing\",\"Full\",\"Processing\",\"Full\",\"Processing\",\"Full\",\"Processing\",\"Full\",\"Processing\",\"Full\",\"Processing\",\"Full\",\"Processing\",\"Full\",\"Processing\",\"Full\",\"Processing\",\"Full\",\"Processing\",\"Full\",\"Processing\",\"Full\",\"Processing\",\"Full\",\"Processing\",\"Full\",\"Processing\",\"Full\"]]\n",
        "\n",
        "data = np.array([[\"174 ms\", \"790 ms\", \"141 ms\", \"647 ms\",\"12.5 ms\", \"25.4 ms\", \"9.36 ms\", \"19.4 ms\",\"65.3 ms\",\"240 ms\",\"55.1 ms\",\"207 ms\",\"13.4 ms\",\"172 ms\",\"11.1 ms\",\"127 ms\",\"218 ms\",\"635 ms\",\"186 ms\",\"558 ms\",\"12.7 ms\",\"43.8 ms\",\"9.73 ms\",\"35.2 ms\",\"39.8 ms\",\"226 ms\",\"31.9 ms\",\"180 ms\",\"159 ms\",\"487 ms\",\"139 ms\",\"421 ms\"],\n",
        "                [\"1140 ms\",\"127200 ms\", \"1040 ms\", \"2330 ms\", \"65.3 ms\", \"127200 ms\", \"62 ms\", \"1290 ms\",\"368 ms\",\"132000 ms\",\"343 ms\",\"1650 ms\",\"68.5 ms\",\"129000 ms\",\"60.7 ms\",\"1290 ms\",\"1370 ms\",\"83400 ms\",\"1270 ms\",\"2290 ms\",\"51.7 ms\",\"39100 ms\",\"46.5 ms\",\"425 ms\",\"219 ms\",\"121200 ms\",\"202 ms\",\"1500 ms\",\"1170 ms\",\"129600 ms\",\"1060 ms\",\"2300 ms\"],\n",
        "                [\"138 ms\", \"487 ms\", \"126 ms\", \"474 ms\", \"9.44 ms\", \"23.1 ms\", \"8.5 ms\", \"18.5 ms\",\"45.4 ms\",\"71.7 ms\",\"41.1 ms\",\"63.3 ms\",\"9.82 ms\",\"267 ms\",\"8.64 ms\",\"233 ms\",\"168 ms\",\"291 ms\",\"151 ms\",\"256 ms\",\"9.39 ms\",\"35.8 ms\",\"8.32 ms\",\"27.3 ms\",\"28.6 ms\",\"215 ms\",\"25.2 ms\",\"189 ms\",\"137 ms\",\"355 ms\",\"122 ms\",\"343 ms\"],\n",
        "                [\"144 ms\", \"358 ms\", \"120 ms\", \"347 ms\", \"10.9 ms\", \"20.4 ms\", \"8.09 ms\", \"13.9 ms\",\"48.6 ms\",\"73.5 ms\",\"40.2 ms\",\"55.3 ms\",\"10.8 ms\",\"170 ms\",\"8.46 ms\",\"142 ms\",\"10.6 ms\",\"38.4 ms\",\"144 ms\",\"236 ms\",\"11.1 ms\",\"28 ms\",\"8.15 ms\",\"19.6 ms\",\"31 ms\",\"145 ms\",\"23.8 ms\",\"133 ms\",\"143 ms\",\"318 ms\",\"117 ms\",\"269 ms\"],\n",
        "                [\"137 ms\", \"374 ms\",\"125 ms\", \"340 ms\", \"8.99 ms\", \"17 ms\", \"8.38 ms\", \"14.4 ms\",\"45.4 ms\",\"66.7 ms\",\"40.8 ms\",\"58.9 ms\",\"10.3 ms\",\"167 ms\",\"8.49 ms\",\"161 ms\",\"167 ms\",\"269 ms\",\"153 ms\",\"246 ms\",\"9.84 ms\",\"25.7 ms\",\"8.6 ms\",\"20.9 ms\",\"28.1 ms\",\"142 ms\",\"25.6 ms\",\"116 ms\",\"137 ms\",\"298 ms\",\"125 ms\",\"275 ms\"]])\n",
        "\n",
        "\n",
        "df = pd.DataFrame(data.transpose(),\n",
        "                  index=index,\n",
        "                  columns=[\"MLKF\",\"BERT\",\"LR\",\"SGD\",\"NB\"])\n",
        "\n",
        "\n",
        "print (df)\n",
        "print (\"#######################################################\")\n",
        "print(df.to_latex())  "
      ],
      "execution_count": 0,
      "outputs": [
        {
          "output_type": "stream",
          "text": [
            "                      MLKF       BERT       LR      SGD       NB\n",
            "F1 CPU Processing   174 ms    1140 ms   138 ms   144 ms   137 ms\n",
            "       Full         790 ms  127200 ms   487 ms   358 ms   374 ms\n",
            "   GPU Processing   141 ms    1040 ms   126 ms   120 ms   125 ms\n",
            "       Full         647 ms    2330 ms   474 ms   347 ms   340 ms\n",
            "T1 CPU Processing  12.5 ms    65.3 ms  9.44 ms  10.9 ms  8.99 ms\n",
            "       Full        25.4 ms  127200 ms  23.1 ms  20.4 ms    17 ms\n",
            "   GPU Processing  9.36 ms      62 ms   8.5 ms  8.09 ms  8.38 ms\n",
            "       Full        19.4 ms    1290 ms  18.5 ms  13.9 ms  14.4 ms\n",
            "R1 CPU Processing  65.3 ms     368 ms  45.4 ms  48.6 ms  45.4 ms\n",
            "       Full         240 ms  132000 ms  71.7 ms  73.5 ms  66.7 ms\n",
            "   GPU Processing  55.1 ms     343 ms  41.1 ms  40.2 ms  40.8 ms\n",
            "       Full         207 ms    1650 ms  63.3 ms  55.3 ms  58.9 ms\n",
            "S1 CPU Processing  13.4 ms    68.5 ms  9.82 ms  10.8 ms  10.3 ms\n",
            "       Full         172 ms  129000 ms   267 ms   170 ms   167 ms\n",
            "   GPU Processing  11.1 ms    60.7 ms  8.64 ms  8.46 ms  8.49 ms\n",
            "       Full         127 ms    1290 ms   233 ms   142 ms   161 ms\n",
            "A1 CPU Processing   218 ms    1370 ms   168 ms  10.6 ms   167 ms\n",
            "       Full         635 ms   83400 ms   291 ms  38.4 ms   269 ms\n",
            "   GPU Processing   186 ms    1270 ms   151 ms   144 ms   153 ms\n",
            "       Full         558 ms    2290 ms   256 ms   236 ms   246 ms\n",
            "S2 CPU Processing  12.7 ms    51.7 ms  9.39 ms  11.1 ms  9.84 ms\n",
            "       Full        43.8 ms   39100 ms  35.8 ms    28 ms  25.7 ms\n",
            "   GPU Processing  9.73 ms    46.5 ms  8.32 ms  8.15 ms   8.6 ms\n",
            "       Full        35.2 ms     425 ms  27.3 ms  19.6 ms  20.9 ms\n",
            "M1 CPU Processing  39.8 ms     219 ms  28.6 ms    31 ms  28.1 ms\n",
            "       Full         226 ms  121200 ms   215 ms   145 ms   142 ms\n",
            "   GPU Processing  31.9 ms     202 ms  25.2 ms  23.8 ms  25.6 ms\n",
            "       Full         180 ms    1500 ms   189 ms   133 ms   116 ms\n",
            "L1 CPU Processing   159 ms    1170 ms   137 ms   143 ms   137 ms\n",
            "       Full         487 ms  129600 ms   355 ms   318 ms   298 ms\n",
            "   GPU Processing   139 ms    1060 ms   122 ms   117 ms   125 ms\n",
            "       Full         421 ms    2300 ms   343 ms   269 ms   275 ms\n",
            "#######################################################\n",
            "\\begin{tabular}{llllllll}\n",
            "\\toprule\n",
            "   &     &      &     MLKF &       BERT &       LR &      SGD &       NB \\\\\n",
            "\\midrule\n",
            "F1 & CPU & Processing &   174 ms &    1140 ms &   138 ms &   144 ms &   137 ms \\\\\n",
            "   &     & Full &   790 ms &  127200 ms &   487 ms &   358 ms &   374 ms \\\\\n",
            "   & GPU & Processing &   141 ms &    1040 ms &   126 ms &   120 ms &   125 ms \\\\\n",
            "   &     & Full &   647 ms &    2330 ms &   474 ms &   347 ms &   340 ms \\\\\n",
            "T1 & CPU & Processing &  12.5 ms &    65.3 ms &  9.44 ms &  10.9 ms &  8.99 ms \\\\\n",
            "   &     & Full &  25.4 ms &  127200 ms &  23.1 ms &  20.4 ms &    17 ms \\\\\n",
            "   & GPU & Processing &  9.36 ms &      62 ms &   8.5 ms &  8.09 ms &  8.38 ms \\\\\n",
            "   &     & Full &  19.4 ms &    1290 ms &  18.5 ms &  13.9 ms &  14.4 ms \\\\\n",
            "R1 & CPU & Processing &  65.3 ms &     368 ms &  45.4 ms &  48.6 ms &  45.4 ms \\\\\n",
            "   &     & Full &   240 ms &  132000 ms &  71.7 ms &  73.5 ms &  66.7 ms \\\\\n",
            "   & GPU & Processing &  55.1 ms &     343 ms &  41.1 ms &  40.2 ms &  40.8 ms \\\\\n",
            "   &     & Full &   207 ms &    1650 ms &  63.3 ms &  55.3 ms &  58.9 ms \\\\\n",
            "S1 & CPU & Processing &  13.4 ms &    68.5 ms &  9.82 ms &  10.8 ms &  10.3 ms \\\\\n",
            "   &     & Full &   172 ms &  129000 ms &   267 ms &   170 ms &   167 ms \\\\\n",
